0100000101110101011101000110100001101111011100100011101000100000010000010110111001101001011011000010
0000010000100110000101110010011000010110111000100000010110010110010101101100011010110110010101101110
1111111111111111111111111111111111111111111111111111111111111111111111111111111111111111111111111111
1111111111111111111110111111111111111111111111111111111111111111111111111111111111111111111111111111
1111111111111111111110011111111111111111111111111111111111111111111111111111111111111111111111111111
1111111111111111111111001111111111111111111111111111111111111111111111111111111111111111111111111111
1111111111111111111111000011111111111111111111111111111111111111111111111111111111111111111111111111
1111111111111111111111100000111111111111111111111111111111111111111111111111111111111111111111111111
1111111111111111111111110000111111111111111111111111111111111111111111111111111111111111111111111111
1111111111111111111111111000011111111111011111111111111111111111111111111111111111111111111111111111
1111111111111101111011111100000111111111001111111111111111111111111111111111111111111111111111111111
1111111111111110011111111111000000111111001111111111111111111111111111111111111111111111111111111111
1111111111111111011110000010000000000111111111111111111111111111111111111111111111111111111111111111
1111111111111111100111000000000111100011111111111111111111111111111111111111111111111111111111111111
1111111000011111111101100100000000010011111111111111111111111111111111111111111111111111111111111111
1111111100001111111111111110000010010000000111111111111111111111111111111111111111111111111111111111
1111111110000111111111000111100000000000000011111111111111111111111111111111111111111111111111111111
1111111111000000011100000111000000000000000011111111111111111111111111111111111111111111111111111111
1111111111110001101111000010000000000000000011111111111111111111111111111111111111111111111111111111
1111111111111101011111110000010000000000000111001111111111111111111111111111111111111111111111111111
1111111111111111011111111100000011000000000000000011111111111111111111111111111111111111111111111111
1111111111111111110011111110000000000000000000000000011111111111111111111111111111111111111111111111
1111111111111111111001111111111000000000000000000000001111111111111110111111111111111111111111111111
1111111111111111111111011111111000000000000000000000000011111111111100001111111101111111111111111111
1111111111111111111111100011011100000000000000000000000001111111100000000110111011111111111111111111
1111111111111111111111111111100100000000000000000000000001111101000000000010011111111111111111111111
1111111111111111111111111111110001000000000000000000000001111000000000000000001111111111111111111111
1111111111111111111111111111110000000000000000000000000011111110000000000000011111111111111111111111
1111111111111111111111011111111000000000000000000000000111110000000000000000011111111111111111111111
1111111111111111111111111111000000000000000000000000001111100000000000000000011111111111111111111111
1111111111111111111111111111110000001100000000000000001111000000000000000000011111111111111111111111
1111111111111111111111111111111000000000000000000000000110000000000000000000001111111111111111111111
1111111111111111111111111111111100000000000000000000000110000000000000000000000111111111111111111111
1111111111111111111111111111111100000000000000000000000110000000000000000000000111111111111111111111
1111111111111111111111111111111000000000000000000000000011000000000000001000000011111111111111111111
1111111111111111111111111111111111011010000000000000000000000000000000001111000001111111111111111111
1111111111111111111111111111111111111011000000000110000000000000000000001111110101111111111111111111
1111111111111111111111111111111111111001000000000111000000000000000000001111110111111111111111111111
1111111111111111111111111111111111110001000000000001100000000000000000000111111111111111111111111111
1111111111111111111111111111111111100001110110000000110000000000000000000111111111111111111111111111
1111111111111111111111111111111111110111111111000000010000000000000000001111111111111111111111111111
1111111111111111111111111111111111111111111111100000000000000000000000111111110000111111111111111111
1111111111111111111111111111111111111111111111100000000000000000000001111111000000111111111111111111
1111111111111111111111111111111111111111111111110000000000000000000011111000000011011111111111111111
1111111111111111111111111111111111111111111111110000000000000000000011000000000111001111111111111111
1111111111111111111111111111111111111111111111111000000000000000000000000000001111100111111111111111
1111111111111111111111111111111111111111111111111000000000000000000000000000011111110111111111111111
1111111111111111111111111111111111111111111111111000000000000000000000000001111111110111111111111111
1111111111111111111111111111111111111111111111111000000000000000000000000011111111111111111111111111
1111111111111111111111111111111111111111111111111000000000000000000000000011111110001101111111111111
1111111111111111111111111111111111111111111111111000000000000000000000000011100000001100011111111111
1111111111111111111111111111111111111111111111111000000000000000000000000011100000001111000111111111
1111111111111111111111111111111111111111111111111000000000000000000000000011000000111111110001111111
1111111111111111111111111111111111111111111111111110000000000000000000000011000111111111111000111111
1111111111111111111111111111111111111111111111111111110000000000000000000010111111111111111100111111
1111111111111111111111111111111111111111111111111111110000000000000000000011111111111111111110011111
1111111111111111111111111111111111111111111111111111000000000000000000000111111111111111111110001111
1111111111111111111111111111111111111111111111111100000000000000000000001111111111111111111111111111
1111111111111111111111111111111111111111111111100000000000000000000000011111111111111111111111111111
1111111111111111111111111111111111111111111111000000000000000000000000011111111111111111111111111111
1111111111111111111111111111111111111111111100000000000000000000000000111111111111111111111111111111
1111111111111111111111111111111111111111111000000000000000000000000111111111111111111111111111111111
1111111111111111111111111111111111111111111000000000000000000000001111111111111111111111111111111111
1111111111111111111111111111111111111111110000000000000000000000011111111111111111111111111111111111
1111111111111111111111111111111111111111000000000000000000000000011111111111111111111111111111111111
1111111111111111111111111111111111100000000000000000000000000000111111111111111111111111111111111111
1111111111111111111111111111111111000000000000000000000000000001111111111111111111111111111111111111
1111111111111111111111111111111111000000100000000000001110000011111111111111111111111111111111111111
1111111111111111111111111111111111000001100000000000100110001111111111111111111111111111111111111111
1111111111111111111111111111111111000001100000000000110010011111111111111111111111111111111111111111
1111111111111111111111111111111111000001100000000000011011111111111111111111111111111111111111111111
1111111111111111111111111111111111000001110000000000011111111111111111111111111111111111111111111111
1111111111111111111111111111111111000001111000000000011111111111111111111111111111111111111111111111
1111111111111111111111111111111111000001111000000000001111111111111111111111111111111111111111111111
1111111111111111111111111111111111000000111100000000001111111111111111111111111111111111111111111111
1111111111111111111111111111111110000000111110000000001111111111111111111111111111111111111111111111
1111111111111111111111111111111111000000111110000000000111111111111111111111111111111111111111111111
1111111111111111111111111111111111000000111111000000001111111111111111111111111111111111111111111111
1111111111111111111111111111111111100000111111100000001111111111111111111111111111111111111111111111
1111111111111111111111111111111111100000011111110000001111111111111111111111111111111111111111111111
1111111111111111111111111111111111100000011111110000001111111111111111111111111111111111111111111111
1111111111111111111111111111111111110000011111110000001111111111111111111111111111111111111111111111
1111111111111111111111111111111111110000011111110000011111111111111111111111111111111111111111111111
1111111111111111111111111111111111110000011111110000011111111111111111111111111111111111111111111111
1111111111111111111111111111111111110000001111110000011111111111111111111111111111111111111111111111
1111111111111111111111111111111111111100001111110001101111111111111111111111111111111111111111111111
1111111111111111111111111111111111111110001111110011110011111111111111111111111111111111111111111111
1111111111111111111111111111111111111110001111100011111100111111111111111111111111111111111111111111
1111111111111111111111111111111111111110001111110001111110011111111111111111111111111111111111111111
